"","obsid","q0","q1","canada","lnwtp","lnacres"
"1",1011,0,2499,"usa",5.54276660414745,7.82364593083495
"2",1021,11374,11407,"usa",3.56468216911147,3.49650756146648
"3",1022,11343,11407,"usa",3.7622492641556,4.15888308335967
"4",1023,11306,11407,"usa",3.92741876301744,4.61512051684126
"5",1024,11272,11407,"usa",4.10135151489831,4.90527477843843
"6",1041,3468,3968,"usa",0.906879843482057,6.21460809842219
"7",1042,69580,70080,"usa",2.22455992706461,6.21460809842219
"8",1043,21716,22216,"usa",1.94081674981908,6.21460809842219
"9",1044,908,1408,"usa",3.17573428027081,6.21460809842219
"10",1061,10000,13000,"usa",4.969109615158,8.00636756765025
"11",1082,32362,33862,"usa",5.46641832345536,7.3132203870903
"12",1084,522667,524167,"usa",6.67192772762919,7.3132203870903
"13",1091,11404,11407,"usa",5.72940960460511,1.09861228866811
"14",1092,11402,11407,"usa",5.78617987958607,1.6094379124341
"15",1093,11400,11407,"usa",5.8346321011241,1.94591014905531
"16",1094,11398,11407,"usa",5.88587534756627,2.19722457733622
"17",1095,11395,11407,"usa",5.96735305286703,2.484906649788
"18",1101,1381022,1829022,"usa",6.77045762255611,13.0125485113971
"19",1131,219890,220000,"usa",4.43110455113461,4.70048036579242
"20",1141,5838,5867,"usa",2.36251849372626,3.36729582998647
"21",1142,5822,5867,"usa",2.67815523404541,3.80666248977032
"22",1143,5807,5867,"usa",2.95828919702699,4.0943445622221
"23",1151,27000,85000,"usa",5.83282982685444,10.9681982895286
"24",1152,85000,125000,"usa",6.33593726654731,10.5966347330961
"25",1161,2131000,2382000,"usa",7.843796685484,12.4332082181139
"26",1162,2131000,2382000,"usa",7.18771915755065,12.4332082181139
"27",1171,34000,50000,"usa",4.114846857793,9.68034400122192
"28",1172,34000,75000,"usa",3.99261370444692,10.6213273456864
"29",1173,34000,1e+05,"usa",4.11886021652473,11.0974100210086
"30",1191,9000,10125,"usa",4.55615256364215,7.02553831463852
"31",1201,36000,41000,"usa",3.16018548553965,8.51719319141624
"32",1221,212378,212708,"usa",4.95888338773181,5.79909265446053
"33",1241,23860,24860,"usa",5.38262412381588,6.90775527898214
"34",1242,23860,26860,"usa",5.46820930409947,8.00636756765025
"35",1243,23860,28860,"usa",5.54938822417785,8.51719319141624
"36",1251,6000,8500,"usa",3.8406621991134,7.82404601085629
"37",1252,6000,8500,"usa",3.552219525564,7.82404601085629
"38",1261,988422,1976843,"canada",6.24646539919857,13.8038639993298
"39",1262,988422,1976843,"canada",6.21021524313216,13.8038639993298
"40",1271,11997,14520,"canada",5.67445913598182,7.83320394864106
"41",1281,949184,1044102,"canada",5.83021398528894,11.4607686399527
"42",1282,949184,1084782,"canada",5.85216710822682,11.8174499051171
"43",1283,949184,1125461,"canada",5.87400547364514,12.0798119004313
"44",1284,949184,1206820,"canada",5.91577282248104,12.4593030150008
"45",1285,949184,1355977,"canada",5.99446979929397,12.9160597355355
"46",1291,4200,8400,"canada",4.65342115865685,8.34283980427146
"47",1301,0,5884,"canada",3.61558065798969,8.67999208172133
"48",1302,0,11300,"canada",3.12793176847463,9.33255800470043
"49",1303,0,7408,"canada",3.37049340564595,8.91031577632602
"50",1304,0,14318,"canada",2.85153765579671,9.56927276595613
"51",1311,1307159,1413412,"canada",2.54749653424707,11.5735783216822
"52",1312,1307159,1616034,"canada",3.25007370324608,12.6406919432909
"53",1321,29652645.8,129948359.5,"canada",6.84061315265967,18.4236335172234
